10 0011 13 0100 32 100 33 10110101 39 0010110 40 11101100 41 11101101 44 1110111 45 00001110000 46 111000 48 1011010010 49 0000111101 56 00001110001 58 101100 59 00001110010 63 00001100 65 1011011 66 010100 67 0000111110 68 00001110011 69 00001110100 70 00001110101 72 00001101 73 0000000 74 111001110 76 1011010011 77 1110011000 78 1110011001 79 0000111111 82 00001110110 83 1110011010 84 00101110 85 00001110111 86 00001111000 87 1110011011 89 00101111 97 1100 98 000001 99 010101 100 01110 101 1010 102 1111000 103 111010 104 01111 105 11010 106 1011010000 107 1110010 108 01011 109 001010 110 11011 111 0001 112 1111001 113 00001111001 114 0110 115 10111 116 11111 117 111101 118 0000001 119 000010 120 1011010001 121 00100 122 111001111
11101100010100010111100010101111001010010111010101011010101010110111000000101101011111011111001111110101011010001111110000111001010000101110011111010100101110001111101110110111010000011111000100000001111101111001111111001111110101101111101010000000110101010101111000101011100110111000000011010100
01111101011000110011101110110101000011010000111110011001110001100110110011
11100010110101100010000111011011010101010101000101100111011010110111110101
00111110001100110001011010111001110010110110001000010110111000101111000000
10101111000001111100010011000000001110101100111111101000011101111101111001
11110111110100110101010011010101111001101100011000000101100001001001100100
00000110101010100101110111100011111010101101110100000001101010011000000010
10111010100111110001100111100001011001001110001000000000111111011110000001
01101011011111010101111001100011010101001111100010001100101110010101100010
11010111001111100011001110101010111111001101011111101111001111000110011111
10001011110101111111111010111010100000001000101110001001000001111100011110
00100111110111110101001110100110000111110111011011101110001000010111001111
10101000000011010101011101111000001111100010001010100011111010110101111010
11101111001111000010111101010101011110011001101100100000010110000100100000
00110100101011100111101101111010100000001101010101011110001110000111011001
01101111110001010111000110101010000001001111110011111100011111111010010101
10011011101111001111101111110101101111100101001101010111100110100010101111
00100011011110111110100000010101110101110000100001101000011111011000101001
10001100110001001001101010111100111100111010010101111001011010110111110101
00000111110111111100110010010111011111101001101111111101101010000110100001
10101001100011001100010010110001000011001011111010010110101100010000101110
11110000000101011110001010111100101110001000010111110100101101011000100001
01110111100000001010111100010101111001011100010000101111101001011010110001
00001011101111000000010101111000101011110010111000100001011111010010110101
10001000010111011110000000101011110001010111100101110001000000111111000101
11111101111000000010101111000101011110010100110011011011101000010010100101
10101100010000101011010110010110100111010111110010110101111001011101111110
01110010101010011010111111001111011111001100110010001011110101111111111010
11101011100001000011010000111110011101100110111010111111011000100001101010
01100011001100010010110101100010100011010101100111001011110001100101111111
11001101010111100011010101100011100010010110101010000110100001101010011000
11001100010010110001000011000011111000010010101101011011111010101101011000
00011011100110111110101000001110111001100100101111010010101000111011011101
11000010000110100001111101100010100110001100110001001001111011011110101011
11000111111010101111001100110111111110101101111011110010001011110101110010
10101001100100111100101111000111011101011101101010000110100001101010011000
11001100010010110001000011000011011010010110101100010100001101000011111011
00001011100111101100001111101111010011111001111001011110001110111010111011
01010000110100001110110110111011000010101011000100001101010011000110011000
10000001100010000110100001101010011000110011000100101100010000111011011011
10110000101000001100010000110100001110110110111011000010101011000100001100
00111110110011011100001000001111101100000001101001011110101010000000110101
00111110111111010101111001101010111100011111100111100111110011010110111101
01101111101000001100010000110100001101010011000110011000100101100010000110
00000010001010111001101100101101111111100010000000000010110010110101110011
11001110100101011110010100001000001111101100111101111100111100001000011010
00011111011000101001100011001100010010011110000101111010101010111100011100
00100001011011100111110111110101001011111111110011010011010111111011010100
00110100001111100110001100011011111110101101110110001000011101101001100010
00111100101101011011111010100101110111111000110111100111100001000011010000
11111001110110011011101011111101100010000110000111011110111101010011111011
11101010010111111111100110100110101111110001000010111100011111010110100111
10001100111110111110100110100111100111001101001110100111010000100010111010
00010100001110111010001001001111000000101101001111101111000110111101011100
00100001101000011010100110001100110001001011000100001111100110100001011001
10001001110001000000000001011000101010010101011010001010101110101111110100
11101110000100001101000011111001100011000110111111101011011101100010000110
00011011010011010100010110101111001111101111101010011101001101100011101111
01110011111101011100010011100110111010001011001101010100000000110100110001
00100111100101100001111101011101000001111100010000100000111110111101111001
01110001110111110001001011011100111100110100110111100010100101011111110001
10101011110010001011011111100010101110001100111011101111001100010110101110
00101000010110101111110000100001101000011111001110110011011101011111101100
01000011000011110001010011000100100111100101100001111101011101110000100001
10100001111101100000011101101111010000011011110001010011000110011000100001
01101011110001111110011010011011101101010000110100001101010011000110011000
10010110001000011111001100011001011010110000000001001110100001111111001100
10011111011111101011011111010100111010000111010110111110101000111110100110
10101110000100001101000011111001110110011011101011111101100010000110010111
10001111101100111010000111111100010111101011011111111000001110111000010000
01111101011010011110001111011110011111110011111110000100001101000011010100
11000110011000100101100010000110000111111000010101101011000010111001111110
01111100101101011110000101010101011010101000011010000111110011101100110111
01011111101100010000111110011011110000000011010100111110001100111101101111
01101011001110011011101000101100101101011100000001101010011010110111000110
00010000101000000111101000011110100001110001111011110110100101011010010101
10100101110001000101000010010101011010101000011010000111110110001010011000
11001100010010011110000101111010101010111100000111110111111100111110111110
10100011100001000101101110110101000011010000111110011101100110111010111111
01100010000110101001100011001100010011101111000000000100111110001010110111
01000010000011111011110111100101111111100011111001100111100001011001001101
01101111101010011010110111001111101111101010001111000111110110111101010110
10101000011010000111110110001010011000110011000100100011100110110100000001
10101011110011111011110110000111110111101001111100111110111110101000111111
01000000011010111011111001101101110100110101011110000001011000000001101001
11010011001111110000000100100100101101101110110000101010000001001111000110
01101010111100011010101100011101101011011111010100110010011011101000001010
11111110011100111100110100110111011010100001101000011010100110001100110001
00101100010000110000110110100010011101111001011011011101100001010111000010
00011010000111011011011101100001010101100010000110000110110100010011101111
00010100110001100110001001110000100001101000011111011001011011011101100001
01010011101010101111110111100110101101110001010011000110011000100001011010
11110001010111000110111011010100001101000011101101101110110000101010110001
00001100000001011110011111011111100111111001111000111101111001111111001111
10011101010100101100001100010000110100001101010011000110011000100101100010
00011101101110001011110101111111111010111010111000100111001101011110011010
01010111010110001011100011101100001001110111100111010011011000111011110111
00111111101000011101111100001000011010000111011011011101100001010101100010
00011111001100110100000001101001101001111101111000111110111101001111111111
00000000000101100111010000101011001110010101010011010111111110000100001101
00001111101100010100110001100110001001001111001111101010110101110111100110
00000101100001001001111000011000010010101001111101111101010001111000111110
11011110101001100110110111010001010100011101111111110101101111110110101011
11000111001101101000000011101011011111010111011010100001101000011010100110
00110011000100101100010000110010111001111011010101010100011101100001001011
11001110100110110001110101010010111010101011110001000101011111011110011111
01111011010101010100011101100001001011110001111110101110100111110010111010
10101111000100010101111100011100011100001000011010000111011011011101100001
01010110001000011001011100111100011011110101000000101010011010101001100000
01011100100000101100011001110111000010000110100001101010011000110011000100
10110001000011001011100111101101010101010001110110000100101111000101010001
01011010111010111010101011100010000000000010110001010100111010010111100011
10100000000010011111000100011110010100110010001110110000100100110011011011
10100011111101011111010101011110111111010111001010100111010011000110000111
11011101101110100111110111110101000111111010000000110101110000100001101000
0111011011011101100001010101100010000110010111100011111011000111011010011101000101010001001010101010000000111000101011110010100011101101011110001111
000101001101010110111111111100001000011010000111110110001010011000110011000100100110011011011101001011011011101100001010100111100111001011110111100000001001001001011011011011111110101010111011110000001001111000110011010101
1110010110100000001111010111010110101101111101011101101010000110100001110110110110111111101010101011000100001100001101110101110111100010100110001100
1100010010110101010000110100001101010011000110011000100101100010000111011011011011111110101010111011110011101001100001000010110101101111101010011001
0000101011110110111111111100010101011111010000011001001011010011000100011110010101111001110100001000101110111000010000110100001110110110111011000010
1010110001000011000011011010110001101001100000001000111110111111100000011101010110110011011111001011010101000001100010000110100001101010011000110011
0001001011000100001100101111101011000111111100001000011010000111011011011101100001010101100010000110010111100011111011001110100001110101101111101010
0111110001100111110111110101001111000111101110111010011011000101100001100010000110100001101010011000110011000100101100010000111110011001000111101111
0000000000010110001010100110110001111111001110100001110101101111101010011111000110001111110101011110011110001111011101110100110110001011111000100000
0111010000000011010011000100000001000101110001001001110010110110001000010101111110111100101111111111010110111110101001011100010010101010000111011101011101111000010000011111011000111011010101011100010000001110011000111011001011011111100000010110010111111111010100110101111110000011101110011001001011100001111001111101110100110011010100101111100010011100110101111010101010111110011001000111100011111101111101011000111011100001000011010000111011011011101100001010101100010000110000000100111010111101101010111101111000111110101000101010001111101010110111010001111110000000011010100101101000011110110111111111001110100001111111111110101101110000011111011111110000011111000100111110111110101000000101100001001110000100001101000011111011000010111001111101010001010111000110100011100001101010111100110010000000111000110011
0101001011100011000010101101011100000111011100111110111110101000101100010001111100100001110000101110111111001111001101001110100000001011011010011101
110101010100110011011011101000101111001101101110101111000001110111001111101111101010001111110101110100111100001011000010011101101010000110100001110110110111011000010101011000100001100000001000101100010000001101010011111011
111101010111100110101101101010100010110111100100010110110011111110101101111101010011001101110011000010101111011011110100010101010110111111110011110011100011011100101001101011011111110001100000111110101101000110101011101011110101011110001101000111011000010011100001000011